
% Sistema de distribuiçao real de TAIWAN POWER COMPANY de 11,4 KV, 11
% alimentadores e 83 barras. E

PERC = 100;

DBAR = [

num_nos 83

   1       1        1        1       0       0        0     -999.90000    9999.90000     1200      800       0       0
   2       1        1        1       0       0        0     -999.90000    9999.90000      100       50       0       0
   3       1        1        1       0       0        0     -999.90000    9999.90000      300      200       0       0
   4       1        1        1       0       0        0     -999.90000    9999.90000      350      250       0       0
   5       1        1        1       0       0        0     -999.90000    9999.90000      220      100       0       0
   6       1        1        1       0       0        0     -999.90000    9999.90000     1100      800       0       0
   7       1        1        1       0       0        0     -999.90000    9999.90000      400      320       0       0
   8       1        1        1       0       0        0     -999.90000    9999.90000      300      200       0       0
   9       1        1        1       0       0        0     -999.90000    9999.90000      300      230       0       0
   10      1        1        1       0       0        0     -999.90000    9999.90000      300      260       0       0
   11      1        1        1       0       0        0     -999.90000    9999.90000     1200      800       0       0 
   12      1        1        1       0       0        0     -999.90000    9999.90000     1200      800       0       0
   13      1        1        1       0       0        0     -999.90000    9999.90000      800      600       0       0
   14      1        1        1       0       0        0     -999.90000    9999.90000      700      500       0       0
   15      1        1        1       0       0        0     -999.90000    9999.90000       0        0        0       0
   16      1        1        1       0       0        0     -999.90000    9999.90000      300      150       0       0
   17      1        1        1       0       0        0     -999.90000    9999.90000      500      350       0       0
   18      1        1        1       0       0        0     -999.90000    9999.90000      700      400       0       0
   19      1        1        1       0       0        0     -999.90000    9999.90000     1200      1000      0       0
   20      1        1        1       0       0        0     -999.90000    9999.90000      300      300       0       0
   21      1        1        1       0       0        0     -999.90000    9999.90000      400      350       0       0
   22      1        1        1       0       0        0     -999.90000    9999.90000      50        20       0       0
   23      1        1        1       0       0        0     -999.90000    9999.90000      50        20       0       0
   24      1        1        1       0       0        0     -999.90000    9999.90000      50        10       0       0
   25      1        1        1       0       0        0     -999.90000    9999.90000      50        30       0       0
   26      1        1        1       0       0        0     -999.90000    9999.90000      100       60       0       0
   27      1        1        1       0       0        0     -999.90000    9999.90000      100       70       0       0
   28      1        1        1       0       0        0     -999.90000    9999.90000     1800      1300      0       0
   29      1        1        1       0       0        0     -999.90000    9999.90000      200      120       0       0
   30      1        1        1       0       0        0     -999.90000    9999.90000       0        0        0       0
   31      1        1        1       0       0        0     -999.90000    9999.90000     1800      1600      0       0
   32      1        1        1       0       0        0     -999.90000    9999.90000      200      150       0       0
   33      1        1        1       0       0        0     -999.90000    9999.90000      200      100       0       0
   34      1        1        1       0       0        0     -999.90000    9999.90000      800      600       0       0
   35      1        1        1       0       0        0     -999.90000    9999.90000      100       60       0       0
   36      1        1        1       0       0        0     -999.90000    9999.90000      100       60       0       0
   37      1        1        1       0       0        0     -999.90000    9999.90000      20        10       0       0
   38      1        1        1       0       0        0     -999.90000    9999.90000      20        10       0       0
   39      1        1        1       0       0        0     -999.90000    9999.90000      20        10       0       0
   40      1        1        1       0       0        0     -999.90000    9999.90000      20        10       0       0
   41      1        1        1       0       0        0     -999.90000    9999.90000      200      160       0       0
   42      1        1        1       0       0        0     -999.90000    9999.90000      50        30       0       0
   43      1        1        1       0       0        0     -999.90000    9999.90000       0        0        0       0
   44      1        1        1       0       0        0     -999.90000    9999.90000      30        20       0       0
   45      1        1        1       0       0        0     -999.90000    9999.90000      800      700       0       0
   46      1        1        1       0       0        0     -999.90000    9999.90000      200      150       0       0
   47      1        1        1       0       0        0     -999.90000    9999.90000       0        0        0       0
   48      1        1        1       0       0        0     -999.90000    9999.90000       0        0        0       0
   49      1        1        1       0       0        0     -999.90000    9999.90000       0        0        0       0
   50      1        1        1       0       0        0     -999.90000    9999.90000      200      160       0       0
   51      1        1        1       0       0        0     -999.90000    9999.90000      800      600       0       0
   52      1        1        1       0       0        0     -999.90000    9999.90000      500      300       0       0
   53      1        1        1       0       0        0     -999.90000    9999.90000      500      350       0       0
   54      1        1        1       0       0        0     -999.90000    9999.90000      500      300       0       0
   55      1        1        1       0       0        0     -999.90000    9999.90000      200       80       0       0
   56      1        1        1       0       0        0     -999.90000    9999.90000       0        0        0       0
   57      1        1        1       0       0        0     -999.90000    9999.90000      30        20       0       0
   58      1        1        1       0       0        0     -999.90000    9999.90000      600      420       0       0
   59      1        1        1       0       0        0     -999.90000    9999.90000       0        0        0       0
   60      1        1        1       0       0        0     -999.90000    9999.90000      20        10       0       0
   61      1        1        1       0       0        0     -999.90000    9999.90000      20        10       0       0
   62      1        1        1       0       0        0     -999.90000    9999.90000      200      130       0       0
   63      1        1        1       0       0        0     -999.90000    9999.90000      300      240       0       0
   64      1        1        1       0       0        0     -999.90000    9999.90000      300      200       0       0
   65      1        1        1       0       0        0     -999.90000    9999.90000       0        0        0       0
