PERC = 100;

% BARRA      TIPO      GBT       VOLT      ANGLE                                           PLOAD(KW)   QLOAD(KVAr)   QBAR -    
DBAR = [

num_nos 118

   2         1         1         1         0         0         0       -999.9    9999.9      133.84	  101.14     0
   3         1         1         1         0         0         0       -999.9    9999.9      16.214	  11.292     0
   4         1         1         1         0         0         0       -999.9    9999.9      34.315	  21.845     0
   5         1         1         1         0         0         0       -999.9    9999.9      73.016	  63.602     0
   6         1         1         1         0         0         0       -999.9    9999.9       144.2	  68.604     0
   7         1         1         1         0         0         0       -999.9    9999.9      104.47	  61.725     0
   8         1         1         1         0         0         0       -999.9    9999.9      28.547	  11.503     0
   9         1         1         1         0         0         0       -999.9    9999.9       87.56	  51.073     0
  10         1         1         1         0         0         0       -999.9    9999.9       198.2	  106.77     0
  11         1         1         1         0         0         0       -999.9    9999.9       146.8	  75.995     0
  12         1         1         1         0         0         0       -999.9    9999.9       26.04	  18.687     0
  13         1         1         1         0         0         0       -999.9    9999.9        52.1	   23.22     0
  14         1         1         1         0         0         0       -999.9    9999.9       141.9	   117.5     0
  15         1         1         1         0         0         0       -999.9    9999.9       21.87	   28.79     0
  16         1         1         1         0         0         0       -999.9    9999.9       33.37	   26.45     0
  17         1         1         1         0         0         0       -999.9    9999.9       32.43	   25.23     0
  18         1         1         1         0         0         0       -999.9    9999.9      20.234	  11.906     0
  19         1         1         1         0         0         0       -999.9    9999.9      156.94	  78.523     0
  20         1         1         1         0         0         0       -999.9    9999.9      546.29	   351.4     0
  21         1         1         1         0         0         0       -999.9    9999.9      180.31	   164.2     0
  22         1         1         1         0         0         0       -999.9    9999.9      93.167	  54.594     0
  23         1         1         1         0         0         0       -999.9    9999.9       85.18	   39.65     0
  24         1         1         1         0         0         0       -999.9    9999.9       168.1	  95.178     0
  25         1         1         1         0         0         0       -999.9    9999.9      125.11	  150.22     0
  26         1         1         1         0         0         0       -999.9    9999.9       16.03	   24.62     0
  27         1         1         1         0         0         0       -999.9    9999.9       26.03	   24.62     0
  28         1         1         1         0         0         0       -999.9    9999.9      594.56	  522.62     0
  29         1         1         1         0         0         0       -999.9    9999.9      120.62	  59.117     0
  30         1         1         1         0         0         0       -999.9    9999.9      102.38	  99.554     0
  31         1         1         1         0         0         0       -999.9    9999.9       513.4	   318.5     0
  32         1         1         1         0         0         0       -999.9    9999.9      475.25	  456.14     0
  33         1         1         1         0         0         0       -999.9    9999.9      151.43	  136.79     0
  34         1         1         1         0         0         0       -999.9    9999.9      205.38	  83.302     0
  35         1         1         1         0         0         0       -999.9    9999.9       131.6	  93.082     0
  36         1         1         1         0         0         0       -999.9    9999.9       448.4	  369.79     0
  37         1         1         1         0         0         0       -999.9    9999.9      440.52	  321.64     0
  38         1         1         1         0         0         0       -999.9    9999.9      112.54	  55.134     0
  39         1         1         1         0         0         0       -999.9    9999.9      53.963	  38.998     0
  40         1         1         1         0         0         0       -999.9    9999.9      393.05	   342.6     0
  41         1         1         1         0         0         0       -999.9    9999.9      326.74	  278.56     0
  42         1         1         1         0         0         0       -999.9    9999.9      536.26	  240.24     0
  43         1         1         1         0         0         0       -999.9    9999.9      76.247	  66.562     0
  44         1         1         1         0         0         0       -999.9    9999.9       53.52	   39.76     0
  45         1         1         1         0         0         0       -999.9    9999.9      40.328	  31.964     0
  46         1         1         1         0         0         0       -999.9    9999.9      39.653       20.758     0
  47         1         1         1         0         0         0       -999.9    9999.9      66.195       42.361     0
  48         1         1         1         0         0         0       -999.9    9999.9      73.904       51.653     0
  49         1         1         1         0         0         0       -999.9    9999.9      114.77       57.965     0
  50         1         1         1         0         0         0       -999.9    9999.9      918.37	  1205.1     0
  51         1         1         1         0         0         0       -999.9    9999.9       210.3	  146.66     0
  52         1         1         1         0         0         0       -999.9    9999.9       66.68	  56.608     0
  53         1         1         1         0         0         0       -999.9    9999.9      42.207       40.184     0
  54         1         1         1         0         0         0       -999.9    9999.9      433.74	  283.41     0
  55         1         1         1         0         0         0       -999.9    9999.9        62.1	   26.86     0
  56         1         1         1         0         0         0       -999.9    9999.9       92.46	   88.38     0
  57         1         1         1         0         0         0       -999.9    9999.9      85.188       55.436     0
  58         1         1         1         0         0         0       -999.9    9999.9       345.3	   332.4     0
  59         1         1         1         0         0         0       -999.9    9999.9        22.5	   16.83     0
  60         1         1         1         0         0         0       -999.9    9999.9      80.551       49.156     0
  61         1         1         1         0         0         0       -999.9    9999.9       95.86	  90.758     0
  62         1         1         1         0         0         0       -999.9    9999.9       62.92	    47.7     0
  63         1         1         1         0         0         0       -999.9    9999.9       478.8	  463.74     0
  64         1         1         1         0         0         0       -999.9    9999.9      120.94	  52.006     0
  65         1         1         1         0         0         0       -999.9    9999.9      139.11	  100.34     0
  66         1         1         1         0         0         0       -999.9    9999.9      391.78	   193.5     0
  67         1         1         1         0         0         0       -999.9    9999.9      27.741	  26.713     0
  68         1         1         1         0         0         0       -999.9    9999.9      52.814	  25.257     0
