Vb   =   11
PB   =   100
Zb   =   1.21

num_nos   85

1	0	1	1.0	0.0	0.0	0.0	-999	9999	0.00	0.00	0.0   0
2	2	1	1.0	0.0	0.0	0.0	-999	9999	0.00	0.00	0.0   0
3	2	1	1.0	0.0	0.0	0.0	-999	9999	0.00	0.00	0.0   0
4	2	1	1.0	0.0	0.0	0.0	-999	9999	56.0	57.13	0.0   0
5	2	1	1.0	0.0	0.0	0.0	-999	9999	0.00	0.00	0.0   0
6	2	1	1.0	0.0	0.0	0.0	-999	9999	35.28	35.99	0.0   0
7	2	1	1.0	0.0	0.0	0.0	-999	9999	0.00	0.00	0.0   0
8	2	1	1.0	0.0	0.0	0.0	-999	9999	35.28	35.99	0.0   0
9	2	1	1.0	0.0	0.0	0.0	-999	9999	0.00	0.00	0.0   0
10	2	1	1.0	0.0	0.0	0.0	-999	9999	0.00	0.00	0.0   0
11	2	1	1.0	0.0	0.0	0.0	-999	9999	56.0	57.13	0.0   0
12	2	1	1.0	0.0	0.0	0.0	-999	9999	0.00	0.00	0.0   0
13	2	1	1.0	0.0	0.0	0.0	-999	9999	0.00	0.00	0.0   0
14	2	1	1.0	0.0	0.0	0.0	-999	9999	35.28	35.99	0.0   0
15	2	1	1.0	0.0	0.0	0.0	-999	9999	35.28	35.99	0.0   0
16	2	1	1.0	0.0	0.0	0.0	-999	9999	35.28	35.99	0.0   0
17	2	1	1.0	0.0	0.0	0.0	-999	9999	112.0	114.26	0.0   0
18	2	1	1.0	0.0	0.0	0.0	-999	9999	56.0	57.13	0.0   0
19	2	1	1.0	0.0	0.0	0.0	-999	9999	56.0	57.13	0.0   0
20	2	1	1.0	0.0	0.0	0.0	-999	9999	35.28	35.99	0.0   0
21	2	1	1.0	0.0	0.0	0.0	-999	9999	35.28	35.99	0.0   0
22	2	1	1.0	0.0	0.0	0.0	-999	9999	35.28	35.99	0.0   0
23	2	1	1.0	0.0	0.0	0.0	-999	9999	56.0	57.13	0.0   0
24	2	1	1.0	0.0	0.0	0.0	-999	9999	35.28	35.99	0.0   0
25	2	1	1.0	0.0	0.0	0.0	-999	9999	35.28	35.99	0.0   0
26	2	1	1.0	0.0	0.0	0.0	-999	9999	56.0	57.13	0.0   0
27	2	1	1.0	0.0	0.0	0.0	-999	9999	0.00	0.00	0.0   0
28	2	1	1.0	0.0	0.0	0.0	-999	9999	56.0	57.13	0.0   0
29	2	1	1.0	0.0	0.0	0.0	-999	9999	0.00	0.00	0.0   0
30	2	1	1.0	0.0	0.0	0.0	-999	9999	35.28	35.99	0.0   0
31	2	1	1.0	0.0	0.0	0.0	-999	9999	35.28	35.99	0.0   0
32	2	1	1.0	0.0	0.0	0.0	-999	9999	0.00	0.00	0.0   0
33	2	1	1.0	0.0	0.0	0.0	-999	9999	14.0	14.28	0.0   0
34	2	1	1.0	0.0	0.0	0.0	-999	9999	0.00	0.00	0.0   0
35	2	1	1.0	0.0	0.0	0.0	-999	9999	0.00	0.00	0.0   0
36	2	1	1.0	0.0	0.0	0.0	-999	9999	35.28	35.99	0.0   0
37	2	1	1.0	0.0	0.0	0.0	-999	9999	56.0	57.13	0.0   0
38	2	1	1.0	0.0	0.0	0.0	-999	9999	56.0	57.13	0.0   0
39	2	1	1.0	0.0	0.0	0.0	-999	9999	56.0	57.13	0.0   0
40	2	1	1.0	0.0	0.0	0.0	-999	9999	35.28	35.99	0.0   0
41	2	1	1.0	0.0	0.0	0.0	-999	9999	0.00	0.00	0.0   0
42	2	1	1.0	0.0	0.0	0.0	-999	9999	35.28	35.99	0.0   0
43	2	1	1.0	0.0	0.0	0.0	-999	9999	35.28	35.99	0.0   0
44	2	1	1.0	0.0	0.0	0.0	-999	9999	35.28	35.99	0.0   0
45	2	1	1.0	0.0	0.0	0.0	-999	9999	35.28	35.99	0.0   0
46	2	1	1.0	0.0	0.0	0.0	-999	9999	35.28	35.99	0.0   0
47	2	1	1.0	0.0	0.0	0.0	-999	9999	14.0	14.28	0.0   0
48	2	1	1.0	0.0	0.0	0.0	-999	9999	0.00	0.00	0.0   0
49	2	1	1.0	0.0	0.0	0.0	-999	9999	0.00	0.00	0.0   0
50	2	1	1.0	0.0	0.0	0.0	-999	9999	36.28	37.01	0.0   0
51	2	1	1.0	0.0	0.0	0.0	-999	9999	56.0	57.13	0.0   0
52	2	1	1.0	0.0	0.0	0.0	-999	9999	0.00	0.00	0.0   0
53	2	1	1.0	0.0	0.0	0.0	-999	9999	35.28	35.99	0.0   0
54	2	1	1.0	0.0	0.0	0.0	-999	9999	56.0	57.13	0.0   0
55	2	1	1.0	0.0	0.0	0.0	-999	9999	56.0	57.13	0.0   0
56	2	1	1.0	0.0	0.0	0.0	-999	9999	14.0	14.28	0.0   0
57	2	1	1.0	0.0	0.0	0.0	-999	9999	56.0	57.13	0.0   0
58	2	1	1.0	0.0	0.0	0.0	-999	9999	0.00	0.00	0.0   0
59	2	1	1.0	0.0	0.0	0.0	-999	9999	56.0	57.13	0.0   0
60	2	1	1.0	0.0	0.0	0.0	-999	9999	56.0	57.13	0.0   0
61	2	1	1.0	0.0	0.0	0.0	-999	9999	56.0	57.13	0.0   0
62	2	1	1.0	0.0	0.0	0.0	-999	9999	56.0	57.13	0.0   0
63	2	1	1.0	0.0	0.0	0.0	-999	9999	14.0	14.28	0.0   0
64	2	1	1.0	0.0	0.0	0.0	-999	9999	0.00	0.00	0.0   0
65	2	1	1.0	0.0	0.0	0.0	-999	9999	0.00	0.00	0.0   0
66	2	1	1.0	0.0	0.0	0.0	-999	9999	56.0	57.13	0.0   0
67	2	1	1.0	0.0	0.0	0.0	-999	9999	0.00	0.00	0.0   0
68	2	1	1.0	0.0	0.0	0.0	-999	9999	0.00	0.00	0.0   0
69	2	1	1.0	0.0	0.0	0.0	-999	9999	56.0	57.13	0.0   0
70	2	1	1.0	0.0	0.0	0.0	-999	9999	0.00	0.00	0.0   0
71	2	1	1.0 0.0	0.0	0.0	-999	9999	35.28	35.99	0.0   0
72	2	1	1.0	0.0	0.0	0.0	-999	9999	56.0	57.13	0.0   0
73	2	1	1.0	0.0	0.0	0.0	-999	9999	0.00	0.00	0.0   0
74	2	1	1.0	0.0	0.0	0.0	-999	9999	56.0	57.13	0.0   0
75	2	1	1.0	0.0	0.0	0.0	-999	9999	35.28	35.99	0.0   0
76	2	1	1.0	0.0	0.0	0.0	-999	9999	56.0	57.13	0.0   0
77	2	1	1.0	0.0	0.0	0.0	-999	9999	14.0	14.28	0.0   0
78	2	1	1.0	0.0	0.0	0.0	-999	9999	56.0	57.13	0.0   0
79	2	1	1.0	0.0	0.0	0.0	-999	9999	35.28	35.99	0.0   0
80	2	1	1.0	0.0	0.0	0.0	-999	9999	56.0	57.13	0.0   0
81	2	1	1.0	0.0	0.0	0.0	-999	9999	0.00	0.00	0.0   0
82	2	1	1.0	0.0	0.0	0.0	-999	9999	56.0	57.13	0.0   0
83	2	1	1.0	0.0	0.0	0.0	-999	9999	35.28	35.99	0.0   0
84	2	1	1.0	0.0	0.0	0.0	-999	9999	14.0	14.28	0.0   0
85	2	1	1.0	0.0	0.0	0.0	-999	9999	35.28	35.99	0.0   0

num_arestas 84
   
1	2	0.108	0.075	0.0	.000	.000	.000	.0	900	.0	7
2	3	0.163	0.112	0.0	.000	.000	.000	.0	900	.0	7
3	4	0.217	0.149	0.0	.000	.000	.000	.0	900	.0	7
4	5	0.108	0.074	0.0	.000	.000	.000	.0	900	.0	7
5	6	0.435	0.298	0.0	.000	.000	.000	.0	900	.0	7
6	7	0.272	0.186	0.0	.000	.000	.000	.0	900	.0	7
7	8	1.197	0.820	0.0	.000	.000	.000	.0	900	.0	7
8	9	0.108	0.074	0.0	.000	.000	.000	.0	900	.0	7
9	10	0.598	0.410	0.0	.000	.000	.000	.0	900	.0	7
10	11	0.544	0.373	0.0	.000	.000	.000	.0	900	.0	7
11	12	0.544	0.373	0.0	.000	.000	.000	.0	900	.0	7
12	13	0.598	0.410	0.0	.000	.000	.000	.0	900	.0	7
13	14	0.272	0.186	0.0	.000	.000	.000	.0	900	.0	7
14	15	0.326	0.233	0.0	.000	.000	.000	.0	900	.0	7
2	16	0.728	0.302	0.0	.000	.000	.000	.0	900	.0	7
3	17	0.455	0.189	0.0	.000	.000	.000	.0	900	.0	7
5	18	0.820	0.340	0.0	.000	.000	.000	.0	900	.0	7
18	19	0.637	0.264	0.0	.000	.000	.000	.0	900	.0	7
19	20	0.455	0.189	0.0	.000	.000	.000	.0	900	.0	7
20	21	0.819	0.340	0.0	.000	.000	.000	.0	900	.0	7
2	22	1.548	0.642	0.0	.000	.000	.000	.0	900	.0	7
19	23	0.182	0.075	0.0	.000	.000	.000	.0	900	.0	7
7	24	0.910	0.378	0.0	.000	.000	.000	.0	900	.0	7
8	25	0.455	0.189	0.0	.000	.000	.000	.0	900	.0	7
25	26	0.364	0.151	0.0	.000	.000	.000	.0	900	.0	7
26	27	0.546	0.226	0.0	.000	.000	.000	.0	900	.0	7
27	28	0.273	0.113	0.0	.000	.000	.000	.0	900	.0	7
28	29	0.546	0.226	0.0	.000	.000	.000	.0	900	.0	7
29	30	0.546	0.226	0.0	.000	.000	.000	.0	900	.0	7
30	31	0.273	0.113	0.0	.000	.000	.000	.0	900	.0	7
31	32	0.182	0.075	0.0	.000	.000	.000	.0	900	.0	7
32	33	0.182	0.075	0.0	.000	.000	.000	.0	900	.0	7
33	34	0.819	0.340	0.0	.000	.000	.000	.0	900	.0	7
34	35	0.637	0.264	0.0	.000	.000	.000	.0	900	.0	7
35	36	0.182	0.075	0.0	.000	.000	.000	.0	900	.0	7
26	37	0.364	0.151	0.0	.000	.000	.000	.0	900	.0	7
27	38	1.002	0.416	0.0	.000	.000	.000	.0	900	.0	7
29	39	0.546	0.226	0.0	.000	.000	.000	.0	900	.0	7
32	40	0.455	0.189	0.0	.000	.000	.000	.0	900	.0	7
40	41	1.002	0.416	0.0	.000	.000	.000	.0	900	.0	7
41	42	0.273	0.113	0.0	.000	.000	.000	.0	900	.0	7
41	43	0.455	0.189	0.0	.000	.000	.000	.0	900	.0	7
34	44	1.002	0.416	0.0	.000	.000	.000	.0	900	.0	7
44	45	0.911	0.378	0.0	.000	.000	.000	.0	900	.0	7
45	46	0.911	0.378	0.0	.000	.000	.000	.0	900	.0	7
46	47	0.546	0.226	0.0	.000	.000	.000	.0	900	.0	7
35	48	0.637	0.264	0.0	.000	.000	.000	.0	900	.0	7
48	49	0.182	0.075	0.0	.000	.000	.000	.0	900	.0	7
49	50	0.364	0.151	0.0	.000	.000	.000	.0	900	.0	7
50	51	0.455	0.189	0.0	.000	.000	.000	.0	900	.0	7
48	52	1.366	0.567	0.0	.000	.000	.000	.0	900	.0	7
52	53	0.455	0.189	0.0	.000	.000	.000	.0	900	.0	7
53	54	0.546	0.226	0.0	.000	.000	.000	.0	900	.0	7
52	55	0.546	0.226	0.0	.000	.000	.000	.0	900	.0	7
49	56	0.546	0.226	0.0	.000	.000	.000	.0	900	.0	7
9	57	0.273	0.113	0.0	.000	.000	.000	.0	900	.0	7
57	58	0.819	0.340	0.0	.000	.000	.000	.0	900	.0	7
58	59	0.182	0.075	0.0	.000	.000	.000	.0	900	.0	7
58	60	0.546	0.226	0.0	.000	.000	.000	.0	900	.0	7
60	61	0.728	0.302	0.0	.000	.000	.000	.0	900	.0	7
61	62	1.002	0.415	0.0	.000	.000	.000	.0	900	.0	7
60	63	0.182	0.075	0.0	.000	.000	.000	.0	900	.0	7
63	64	0.728	0.302	0.0	.000	.000	.000	.0	900	.0	7
64	65	0.182	0.075	0.0	.000	.000	.000	.0	900	.0	7
65	66	0.182	0.075	0.0	.000	.000	.000	.0	900	.0	7
64	67	0.455	0.189	0.0	.000	.000	.000	.0	900	.0	7
67	68	0.910	0.378	0.0	.000	.000	.000	.0	900	.0	7
68	69	1.092	0.453	0.0	.000	.000	.000	.0	900	.0	7
