Vb = 12.660
PB = 100
Zb = 1.602

num_nos 69

    2         1         1         1         0         0         0       -999.9    9999.9     0.0       0.0           0       1
    3         1         1         1         0         0         0       -999.9    9999.9     0.0       0.0           0       1
    4         1         1         1         0         0         0       -999.9    9999.9     0.0       0.0           0       1
    5         1         1         1         0         0         0       -999.9    9999.9     0.0       0.0           0       1
    6         1         1         1         0         0         0       -999.9    9999.9     2.6       2.2           0       1
    7         1         1         1         0         0         0       -999.9    9999.9     40.4      30.0          0       1
    8         1         1         1         0         0         0       -999.9    9999.9     75.0      54.0          0       1
    9         1         1         1         0         0         0       -999.9    9999.9     30.0      22.0          0       1
    10        1         1         1         0         0         0       -999.9    9999.9     28.0      19.0          0       1
    11        1         1         1         0         0         0       -999.9    9999.9    145.0     104.0          0       1
    12        1         1         1         0         0         0       -999.9    9999.9    145.0     104.0          0       1  
    13        1         1         1         0         0         0       -999.9    9999.9     8.0       5.5           0       1
    14        1         1         1         0         0         0       -999.9    9999.9     8.0       5.5           0       1
    15        1         1         1         0         0         0       -999.9    9999.9     0.0       0.0           0       1
    16        1         1         1         0         0         0       -999.9    9999.9     45.5      30.0          0       1
    17        1         1         1         0         0         0       -999.9    9999.9     60.0      35.0          0       1 
    18        1         1         1         0         0         0       -999.9    9999.9     60.0      35.0          0       1 
    19        1         1         1         0         0         0       -999.9    9999.9     0.0       0.0           0       1 
    20        1         1         1         0         0         0       -999.9    9999.9     1.0       0.6           0       1
    21        1         1         1         0         0         0       -999.9    9999.9    114.0      81.0          0       1 
    22        1         1         1         0         0         0       -999.9    9999.9     5.3       3.5           0       1
    23        1         1         1         0         0         0       -999.9    9999.9     0.0       0.0           0       1
    24        1         1         1         0         0         0       -999.9    9999.9     28.0      20.0          0       1
    25        1         1         1         0         0         0       -999.9    9999.9     0.0       0.0           0       1
    26        1         1         1         0         0         0       -999.9    9999.9     14.0      10.0          0       1
    27        1         1         1         0         0         0       -999.9    9999.9     14.0      10.0          0       1
    28        1         1         1         0         0         0       -999.9    9999.9     26.0      18.6          0       1
    29        1         1         1         0         0         0       -999.9    9999.9     26.0      18.6          0       1
    30        1         1         1         0         0         0       -999.9    9999.9     0.0       0.0           0       1
    31        1         1         1         0         0         0       -999.9    9999.9     0.0       0.0           0       1
    32        1         1         1         0         0         0       -999.9    9999.9     0.0       0.0           0       1
    33        1         1         1         0         0         0       -999.9    9999.9     14.0      10.0          0       1
    34        1         1         1         0         0         0       -999.9    9999.9     19.5      14.0          0       1
    35        1         1         1         0         0         0       -999.9    9999.9     6.0       4.0           0       1
    36        1         1         1         0         0         0       -999.9    9999.9     26.0     18.55          0       1
    37        1         1         1         0         0         0       -999.9    9999.9     26.0     18.55          0       1
    38        1         1         1         0         0         0       -999.9    9999.9     0.0       0.0           0       1
    39        1         1         1         0         0         0       -999.9    9999.9     24.0      17.0          0       1
    40        1         1         1         0         0         0       -999.9    9999.9     24.0      17.0          0       1
    41        1         1         1         0         0         0       -999.9    9999.9     1.2       1.0           0       1
    42        1         1         1         0         0         0       -999.9    9999.9     0.0       0.0           0       1
    43        1         1         1         0         0         0       -999.9    9999.9     6.0       4.3           0       1
    44        1         1         1         0         0         0       -999.9    9999.9     0.0       0.0           0       1
    45        1         1         1         0         0         0       -999.9    9999.9    39.22      26.3          0       1
    46        1         1         1         0         0         0       -999.9    9999.9    39.22      26.3          0       1
    47        1         1         1         0         0         0       -999.9    9999.9     0.0       0.0           0       1
    48        1         1         1         0         0         0       -999.9    9999.9     79.0      56.4          0       1
    49        1         1         1         0         0         0       -999.9    9999.9    384.7     274.5          0       1
    50        1         1         1         0         0         0       -999.9    9999.9    384.7     274.5          0       1
    51        1         1         1         0         0         0       -999.9    9999.9     40.5      28.3          0       1
    52        1         1         1         0         0         0       -999.9    9999.9     3.6       2.7           0       1
    53        1         1         1         0         0         0       -999.9    9999.9     4.35      3.5           0       1
    54        1         1         1         0         0         0       -999.9    9999.9     26.4      19.0          0       1
    55        1         1         1         0         0         0       -999.9    9999.9     24.0      17.2          0       1
    56        1         1         1         0         0         0       -999.9    9999.9     0.0       0.0           0       1
    57        1         1         1         0         0         0       -999.9    9999.9     0.0       0.0           0       1
    58        1         1         1         0         0         0       -999.9    9999.9     0.0       0.0           0       1
    59        1         1         1         0         0         0       -999.9    9999.9    100.0      72.0          0       1
    60        1         1         1         0         0         0       -999.9    9999.9     0.0       0.0           0       1
    61        1         1         1         0         0         0       -999.9    9999.9    1244.0    888.0          0       1 
    62        1         1         1         0         0         0       -999.9    9999.9     32.0      23.0          0       1
    63        1         1         1         0         0         0       -999.9    9999.9     0.0       0.0           0       1  
